Rotating Square N = 20  M = 10  T = 1.000000  p = 5 
------ x ------
-1.000000 -1.000000 -1.000000 -1.000000 -1.000000 -1.000000 -1.000000 -1.000000 -1.000000 -1.000000 -1.000000 
-0.600000 -0.600000 -0.600000 -0.600000 -0.600000 -0.600000 -0.600000 -0.600000 -0.600000 -0.600000 -0.600000 
-0.200000 -0.200000 -0.200000 -0.200000 -0.200000 -0.200000 -0.200000 -0.200000 -0.200000 -0.200000 -0.200000 
0.200000 0.200000 0.200000 0.200000 0.200000 0.200000 0.200000 0.200000 0.200000 0.200000 0.200000 
0.600000 0.600000 0.600000 0.600000 0.600000 0.600000 0.600000 0.600000 0.600000 0.600000 0.600000 
1.000000 1.000000 1.000000 1.000000 1.000000 1.000000 1.000000 1.000000 1.000000 1.000000 1.000000 
1.000000 1.000000 1.000000 1.000000 1.000000 1.000000 1.000000 1.000000 1.000000 1.000000 1.000000 
1.000000 1.000000 1.000000 1.000000 1.000000 1.000000 1.000000 1.000000 1.000000 1.000000 1.000000 
1.000000 1.000000 1.000000 1.000000 1.000000 1.000000 1.000000 1.000000 1.000000 1.000000 1.000000 
1.000000 1.000000 1.000000 1.000000 1.000000 1.000000 1.000000 1.000000 1.000000 1.000000 1.000000 
1.000000 1.000000 1.000000 1.000000 1.000000 1.000000 1.000000 1.000000 1.000000 1.000000 1.000000 
0.600000 0.600000 0.600000 0.600000 0.600000 0.600000 0.600000 0.600000 0.600000 0.600000 0.600000 
0.200000 0.200000 0.200000 0.200000 0.200000 0.200000 0.200000 0.200000 0.200000 0.200000 0.200000 
-0.200000 -0.200000 -0.200000 -0.200000 -0.200000 -0.200000 -0.200000 -0.200000 -0.200000 -0.200000 -0.200000 
-0.600000 -0.600000 -0.600000 -0.600000 -0.600000 -0.600000 -0.600000 -0.600000 -0.600000 -0.600000 -0.600000 
-1.000000 -1.000000 -1.000000 -1.000000 -1.000000 -1.000000 -1.000000 -1.000000 -1.000000 -1.000000 -1.000000 
-1.000000 -1.000000 -1.000000 -1.000000 -1.000000 -1.000000 -1.000000 -1.000000 -1.000000 -1.000000 -1.000000 
-1.000000 -1.000000 -1.000000 -1.000000 -1.000000 -1.000000 -1.000000 -1.000000 -1.000000 -1.000000 -1.000000 
-1.000000 -1.000000 -1.000000 -1.000000 -1.000000 -1.000000 -1.000000 -1.000000 -1.000000 -1.000000 -1.000000 
-1.000000 -1.000000 -1.000000 -1.000000 -1.000000 -1.000000 -1.000000 -1.000000 -1.000000 -1.000000 -1.000000 
-1.000000 -1.000000 -1.000000 -1.000000 -1.000000 -1.000000 -1.000000 -1.000000 -1.000000 -1.000000 -1.000000 
------ y ------
-1.000000 -1.000000 -1.000000 -1.000000 -1.000000 -1.000000 -1.000000 -1.000000 -1.000000 -1.000000 -1.000000 
-1.000000 -1.000000 -1.000000 -1.000000 -1.000000 -1.000000 -1.000000 -1.000000 -1.000000 -1.000000 -1.000000 
-1.000000 -1.000000 -1.000000 -1.000000 -1.000000 -1.000000 -1.000000 -1.000000 -1.000000 -1.000000 -1.000000 
-1.000000 -1.000000 -1.000000 -1.000000 -1.000000 -1.000000 -1.000000 -1.000000 -1.000000 -1.000000 -1.000000 
-1.000000 -1.000000 -1.000000 -1.000000 -1.000000 -1.000000 -1.000000 -1.000000 -1.000000 -1.000000 -1.000000 
-1.000000 -1.000000 -1.000000 -1.000000 -1.000000 -1.000000 -1.000000 -1.000000 -1.000000 -1.000000 -1.000000 
-0.600000 -0.600000 -0.600000 -0.600000 -0.600000 -0.600000 -0.600000 -0.600000 -0.600000 -0.600000 -0.600000 
-0.200000 -0.200000 -0.200000 -0.200000 -0.200000 -0.200000 -0.200000 -0.200000 -0.200000 -0.200000 -0.200000 
0.200000 0.200000 0.200000 0.200000 0.200000 0.200000 0.200000 0.200000 0.200000 0.200000 0.200000 
0.600000 0.600000 0.600000 0.600000 0.600000 0.600000 0.600000 0.600000 0.600000 0.600000 0.600000 
1.000000 1.000000 1.000000 1.000000 1.000000 1.000000 1.000000 1.000000 1.000000 1.000000 1.000000 
1.000000 1.000000 1.000000 1.000000 1.000000 1.000000 1.000000 1.000000 1.000000 1.000000 1.000000 
1.000000 1.000000 1.000000 1.000000 1.000000 1.000000 1.000000 1.000000 1.000000 1.000000 1.000000 
1.000000 1.000000 1.000000 1.000000 1.000000 1.000000 1.000000 1.000000 1.000000 1.000000 1.000000 
1.000000 1.000000 1.000000 1.000000 1.000000 1.000000 1.000000 1.000000 1.000000 1.000000 1.000000 
1.000000 1.000000 1.000000 1.000000 1.000000 1.000000 1.000000 1.000000 1.000000 1.000000 1.000000 
0.600000 0.600000 0.600000 0.600000 0.600000 0.600000 0.600000 0.600000 0.600000 0.600000 0.600000 
0.200000 0.200000 0.200000 0.200000 0.200000 0.200000 0.200000 0.200000 0.200000 0.200000 0.200000 
-0.200000 -0.200000 -0.200000 -0.200000 -0.200000 -0.200000 -0.200000 -0.200000 -0.200000 -0.200000 -0.200000 
-0.600000 -0.600000 -0.600000 -0.600000 -0.600000 -0.600000 -0.600000 -0.600000 -0.600000 -0.600000 -0.600000 
-1.000000 -1.000000 -1.000000 -1.000000 -1.000000 -1.000000 -1.000000 -1.000000 -1.000000 -1.000000 -1.000000 
