N = 5  M = 2  T = 1.000000  p = 5 
Time step 0
----matrix V[0]------
0.134378 0.024746 0.001827 0.001827 0.024746 
0.024746 0.134378 0.024746 0.001827 0.001827 
0.001827 0.024746 0.134378 0.024746 0.001827 
0.001827 0.001827 0.024746 0.134378 0.024746 
0.024746 0.001827 0.001827 0.024746 0.134378 
----matrix K[0]------
-0.02060645200 -0.07099113033 -0.06427687386 -0.04181237037 -0.04978521196 
-0.04978521196 -0.02060645200 -0.07099113033 -0.06427687386 -0.04181237037 
-0.04181237037 -0.04978521196 -0.02060645200 -0.07099113033 -0.06427687386 
-0.06427687386 -0.04181237037 -0.04978521196 -0.02060645200 -0.07099113033 
-0.07099113033 -0.06427687386 -0.04181237037 -0.04978521196 -0.02060645200 
solnrhs[0][0] = -0.5135519639507674 dubdn = -0.1557868586379399 
solnrhs[0][1] = -0.2114604729396369 dubdn = -0.1484968908304301 
solnrhs[0][2] = -0.2016691341433118 dubdn = -0.0936517205201522 
solnrhs[0][3] = -0.1825060783314864 dubdn = -0.1484968908304300 
solnrhs[0][4] = -0.5316220341440566 dubdn = -0.1557868586379399 
Time step 1
----matrix V[0]------
0.102465 0.041561 0.011059 0.011059 0.041561 
0.041561 0.102465 0.041561 0.011059 0.011059 
0.011059 0.041561 0.102465 0.041561 0.011059 
0.011059 0.011059 0.041561 0.102465 0.041561 
0.041561 0.011059 0.011059 0.041561 0.102465 
----matrix K[0]------
-0.09522389314 -0.21893087607 -0.19976229852 -0.21073070949 -0.10342405972 
-0.10342405972 -0.09522389314 -0.21893087607 -0.19976229852 -0.21073070949 
-0.21073070949 -0.10342405972 -0.09522389314 -0.21893087607 -0.19976229852 
-0.19976229852 -0.21073070949 -0.10342405972 -0.09522389314 -0.21893087607 
-0.21893087607 -0.19976229852 -0.21073070949 -0.10342405972 -0.09522389314 
----matrix V[1]------
0.166343 0.025568 0.000954 0.000954 0.025568 
0.025568 0.166343 0.025568 0.000954 0.000954 
0.000954 0.025568 0.166343 0.025568 0.000954 
0.000954 0.000954 0.025568 0.166343 0.025568 
0.025568 0.000954 0.000954 0.025568 0.166343 
----matrix K[1]------
-0.02031878112 -0.07715052515 -0.07359613995 -0.04521098949 -0.05225831678 
-0.05225831678 -0.02031878112 -0.07715052515 -0.07359613995 -0.04521098949 
-0.04521098949 -0.05225831678 -0.02031878112 -0.07715052515 -0.07359613995 
-0.07359613995 -0.04521098949 -0.05225831678 -0.02031878112 -0.07715052515 
-0.07715052515 -0.07359613995 -0.04521098949 -0.05225831678 -0.02031878112 
solnrhs[1][0] = -0.0877696888697045 dubdn = -0.0334005371493321 
solnrhs[1][1] = -0.3232698527252810 dubdn = -0.0405446170982717 
solnrhs[1][2] = -0.3669345254374618 dubdn = -0.0387790810670980 
solnrhs[1][3] = -0.3258033837981401 dubdn = -0.0405446170982717 
solnrhs[1][4] = -0.0879401140870786 dubdn = -0.0334005371493321 
N = 5  M = 2  p = 5
maxerr = 0.3758351755
l2 error = 1.0988592980
