N = 5  M = 2  T = 1.000000  p = 5 
Time step 0
----matrix V[0]------
0.134378 0.024746 0.001827 0.001827 0.024746 
0.024746 0.134378 0.024746 0.001827 0.001827 
0.001827 0.024746 0.134378 0.024746 0.001827 
0.001827 0.001827 0.024746 0.134378 0.024746 
0.024746 0.001827 0.001827 0.024746 0.134378 
----matrix K[0]------
-0.02060645200 -0.06970714656 -0.06684484141 -0.04052838659 -0.04978521196 
-0.04978521196 -0.02060645200 -0.06970714656 -0.06684484141 -0.04052838659 
-0.04052838659 -0.04978521196 -0.02060645200 -0.06970714656 -0.06684484141 
-0.06684484141 -0.04052838659 -0.04978521196 -0.02060645200 -0.06970714656 
-0.06970714656 -0.06684484141 -0.04052838659 -0.04978521196 -0.02060645200 
solnrhs[0][0] = -0.5130730095335357 dubdn = -0.1557868586379399 
solnrhs[0][1] = -0.2106653165653061 dubdn = -0.1484968908304301 
solnrhs[0][2] = -0.2042173557264368 dubdn = -0.0936517205201522 
solnrhs[0][3] = -0.1817109219571556 dubdn = -0.1484968908304300 
solnrhs[0][4] = -0.5311430797268250 dubdn = -0.1557868586379399 
Time step 1
----matrix V[0]------
0.102465 0.041561 0.011059 0.011059 0.041561 
0.041561 0.102465 0.041561 0.011059 0.011059 
0.011059 0.041561 0.102465 0.041561 0.011059 
0.011059 0.011059 0.041561 0.102465 0.041561 
0.041561 0.011059 0.011059 0.041561 0.102465 
----matrix K[0]------
-0.09522389314 -0.21625946036 -0.20510512995 -0.20805929378 -0.10342405972 
-0.10342405972 -0.09522389314 -0.21625946036 -0.20510512995 -0.20805929378 
-0.20805929378 -0.10342405972 -0.09522389314 -0.21625946036 -0.20510512995 
-0.20510512995 -0.20805929378 -0.10342405972 -0.09522389314 -0.21625946036 
-0.21625946036 -0.20510512995 -0.20805929378 -0.10342405972 -0.09522389314 
----matrix V[1]------
0.166343 0.025568 0.000954 0.000954 0.025568 
0.025568 0.166343 0.025568 0.000954 0.000954 
0.000954 0.025568 0.166343 0.025568 0.000954 
0.000954 0.000954 0.025568 0.166343 0.025568 
0.025568 0.000954 0.000954 0.025568 0.166343 
----matrix K[1]------
-0.02031878112 -0.07630760767 -0.07528197489 -0.04436807201 -0.05225831678 
-0.05225831678 -0.02031878112 -0.07630760767 -0.07528197489 -0.04436807201 
-0.04436807201 -0.05225831678 -0.02031878112 -0.07630760767 -0.07528197489 
-0.07528197489 -0.04436807201 -0.05225831678 -0.02031878112 -0.07630760767 
-0.07630760767 -0.07528197489 -0.04436807201 -0.05225831678 -0.02031878112 
solnrhs[1][0] = -0.0872188482503386 dubdn = -0.0334005371493321 
solnrhs[1][1] = -0.3222122208484888 dubdn = -0.0405446170982717 
solnrhs[1][2] = -0.3701514704297780 dubdn = -0.0387790810670980 
solnrhs[1][3] = -0.3247457519213481 dubdn = -0.0405446170982717 
solnrhs[1][4] = -0.0873892734677126 dubdn = -0.0334005371493321 
N = 5  M = 2  p = 5
maxerr = 0.3753562211
l2 error = 1.0992388186
